  200   200
-5.00000E+01 5.00000E+01
-5.00000E+01 5.00000E+01

surf2 
pw 9.99999E-01 MeW
sx -1.00000E+00 mm 
sy 1.00000E+00 mm 
wx 7.50000E+00 mm 
wy 7.50000E+00 mm 
rot 0.00000E+01 deg 
dx 5.00000E-01 deg 
dy 0.50000E+00 deg 
rx 2.00000E+03 mm 
ry 3.00000E+03 mm 
gcf1 9.90000E-01 
gcf2 9.80000E-01 
coupling 9.80000E-01 

0 0 1.00000E+00 
0 1 1.12637E+00 
0 2 1.11397E+02 
0 3 6.73767E+02 
0 4 6.18119E+04 
1 0 -1.81369E+00 
1 1 1.39204E+01 
1 2 -1.47416E+02 
1 3 5.77060E+03 
1 4 -6.06660E+03 
2 0 1.22937E+02 
2 1 8.41092E+00 
2 2 1.93027E+04 
2 3 6.57368E+04 
2 4 9.75130E+06 
3 0 -7.22427E+02 
3 1 6.89893E+03 
3 2 -5.57226E+04 
3 3 2.58317E+06 
3 4 1.04190E+07 
4 0 5.79463E+04 
4 1 -4.08505E+04 
4 2 9.13129E+06 
4 3 1.74817E+07 
4 4 3.95962E+09 
