  200   200
-5.00000E+01 5.00000E+01
-5.00000E+01 5.00000E+01

surf2 
pw 9.99999E-01 MeW
sx -1.00000E+00 mm 
sy 1.00000E+00 mm 
wx 7.50000E+00 mm 
wy 7.50000E+00 mm 
rot 0.00000E+01 deg 
dx 5.00000E-01 deg 
dy 0.50000E+00 deg 
rx 2.00000E+03 mm 
ry 3.00000E+03 mm 
gcf1 9.90000E-01 
gcf2 9.80000E-01 
coupling 9.80000E-01 

0 0 1.00000E+00 
0 1 -3.94500E+00 
0 2 4.24264E+02 
0 3 -8.57192E+03 
0 4 1.06721E+06 
1 0 -4.73809E-01 
1 1 2.48282E+01 
1 2 -5.88159E+02 
1 3 6.09447E+04 
1 4 -1.49975E+05 
2 0 6.88493E+02 
2 1 -4.30730E+03 
2 2 5.04148E+05 
2 3 -1.09460E+07 
2 4 1.47092E+09 
3 0 -2.77411E+03 
3 1 8.70556E+04 
3 2 -2.12736E+06 
3 3 1.59255E+08 
3 4 -2.12369E+09 
4 0 1.59856E+06 
4 1 -1.26729E+07 
4 2 1.53990E+09 
4 3 -3.23418E+10 
4 4 4.87664E+12 
