#Shercliffs case
#Ha = 20
#vmean = 0.038168
#z	y	velocity
-1.00000 0.00000 0.00000
-0.99600 0.00000 0.02568
-0.99200 0.00000 0.05120
-0.98800 0.00000 0.07642
-0.98400 0.00000 0.10125
-0.98000 0.00000 0.12562
-0.97600 0.00000 0.14952
-0.97200 0.00000 0.17297
-0.96800 0.00000 0.19601
-0.96400 0.00000 0.21867
-0.96000 0.00000 0.24097
-0.95600 0.00000 0.26294
-0.95200 0.00000 0.28458
-0.94800 0.00000 0.30586
-0.94400 0.00000 0.32677
-0.94000 0.00000 0.34730
-0.93600 0.00000 0.36745
-0.93200 0.00000 0.38723
-0.92800 0.00000 0.40666
-0.92400 0.00000 0.42575
-0.92000 0.00000 0.44451
-0.91600 0.00000 0.46297
-0.91200 0.00000 0.48112
-0.90800 0.00000 0.49894
-0.90400 0.00000 0.51645
-0.90000 0.00000 0.53362
-0.89600 0.00000 0.55047
-0.89200 0.00000 0.56699
-0.88800 0.00000 0.58321
-0.88400 0.00000 0.59913
-0.88000 0.00000 0.61476
-0.87600 0.00000 0.63012
-0.87200 0.00000 0.64521
-0.86800 0.00000 0.66001
-0.86400 0.00000 0.67453
-0.86000 0.00000 0.68877
-0.85600 0.00000 0.70272
-0.85200 0.00000 0.71640
-0.84800 0.00000 0.72981
-0.84400 0.00000 0.74296
-0.84000 0.00000 0.75587
-0.83600 0.00000 0.76853
-0.83200 0.00000 0.78096
-0.82800 0.00000 0.79314
-0.82400 0.00000 0.80508
-0.82000 0.00000 0.81677
-0.81600 0.00000 0.82823
-0.81200 0.00000 0.83944
-0.80800 0.00000 0.85043
-0.80400 0.00000 0.86119
-0.80000 0.00000 0.87174
-0.79600 0.00000 0.88209
-0.79200 0.00000 0.89223
-0.78800 0.00000 0.90216
-0.78400 0.00000 0.91189
-0.78000 0.00000 0.92141
-0.77600 0.00000 0.93072
-0.77200 0.00000 0.93983
-0.76800 0.00000 0.94875
-0.76400 0.00000 0.95748
-0.76000 0.00000 0.96603
-0.75600 0.00000 0.97440
-0.75200 0.00000 0.98260
-0.74800 0.00000 0.99063
-0.74400 0.00000 0.99848
-0.74000 0.00000 1.00616
-0.73600 0.00000 1.01367
-0.73200 0.00000 1.02100
-0.72800 0.00000 1.02817
-0.72400 0.00000 1.03519
-0.72000 0.00000 1.04205
-0.71600 0.00000 1.04877
-0.71200 0.00000 1.05534
-0.70800 0.00000 1.06177
-0.70400 0.00000 1.06805
-0.70000 0.00000 1.07419
-0.69600 0.00000 1.08018
-0.69200 0.00000 1.08604
-0.68800 0.00000 1.09175
-0.68400 0.00000 1.09734
-0.68000 0.00000 1.10280
-0.67600 0.00000 1.10814
-0.67200 0.00000 1.11337
-0.66800 0.00000 1.11847
-0.66400 0.00000 1.12345
-0.66000 0.00000 1.12831
-0.65600 0.00000 1.13306
-0.65200 0.00000 1.13769
-0.64800 0.00000 1.14220
-0.64400 0.00000 1.14661
-0.64000 0.00000 1.15092
-0.63600 0.00000 1.15513
-0.63200 0.00000 1.15925
-0.62800 0.00000 1.16326
-0.62400 0.00000 1.16718
-0.62000 0.00000 1.17100
-0.61600 0.00000 1.17472
-0.61200 0.00000 1.17835
-0.60800 0.00000 1.18189
-0.60400 0.00000 1.18534
-0.60000 0.00000 1.18871
-0.59600 0.00000 1.19200
-0.59200 0.00000 1.19522
-0.58800 0.00000 1.19835
-0.58400 0.00000 1.20141
-0.58000 0.00000 1.20438
-0.57600 0.00000 1.20728
-0.57200 0.00000 1.21010
-0.56800 0.00000 1.21285
-0.56400 0.00000 1.21553
-0.56000 0.00000 1.21814
-0.55600 0.00000 1.22070
-0.55200 0.00000 1.22319
-0.54800 0.00000 1.22561
-0.54400 0.00000 1.22798
-0.54000 0.00000 1.23028
-0.53600 0.00000 1.23251
-0.53200 0.00000 1.23469
-0.52800 0.00000 1.23681
-0.52400 0.00000 1.23887
-0.52000 0.00000 1.24088
-0.51600 0.00000 1.24284
-0.51200 0.00000 1.24476
-0.50800 0.00000 1.24662
-0.50400 0.00000 1.24844
-0.50000 0.00000 1.25020
-0.49600 0.00000 1.25192
-0.49200 0.00000 1.25358
-0.48800 0.00000 1.25520
-0.48400 0.00000 1.25678
-0.48000 0.00000 1.25831
-0.47600 0.00000 1.25981
-0.47200 0.00000 1.26127
-0.46800 0.00000 1.26269
-0.46400 0.00000 1.26408
-0.46000 0.00000 1.26542
-0.45600 0.00000 1.26672
-0.45200 0.00000 1.26799
-0.44800 0.00000 1.26921
-0.44400 0.00000 1.27041
-0.44000 0.00000 1.27157
-0.43600 0.00000 1.27271
-0.43200 0.00000 1.27381
-0.42800 0.00000 1.27489
-0.42400 0.00000 1.27594
-0.42000 0.00000 1.27695
-0.41600 0.00000 1.27793
-0.41200 0.00000 1.27889
-0.40800 0.00000 1.27981
-0.40400 0.00000 1.28071
-0.40000 0.00000 1.28159
-0.39600 0.00000 1.28244
-0.39200 0.00000 1.28327
-0.38800 0.00000 1.28408
-0.38400 0.00000 1.28487
-0.38000 0.00000 1.28563
-0.37600 0.00000 1.28637
-0.37200 0.00000 1.28708
-0.36800 0.00000 1.28777
-0.36400 0.00000 1.28844
-0.36000 0.00000 1.28910
-0.35600 0.00000 1.28973
-0.35200 0.00000 1.29036
-0.34800 0.00000 1.29096
-0.34400 0.00000 1.29155
-0.34000 0.00000 1.29212
-0.33600 0.00000 1.29266
-0.33200 0.00000 1.29319
-0.32800 0.00000 1.29370
-0.32400 0.00000 1.29420
-0.32000 0.00000 1.29469
-0.31600 0.00000 1.29516
-0.31200 0.00000 1.29562
-0.30800 0.00000 1.29607
-0.30400 0.00000 1.29650
-0.30000 0.00000 1.29692
-0.29600 0.00000 1.29733
-0.29200 0.00000 1.29772
-0.28800 0.00000 1.29809
-0.28400 0.00000 1.29846
-0.28000 0.00000 1.29881
-0.27600 0.00000 1.29916
-0.27200 0.00000 1.29950
-0.26800 0.00000 1.29983
-0.26400 0.00000 1.30015
-0.26000 0.00000 1.30046
-0.25600 0.00000 1.30076
-0.25200 0.00000 1.30104
-0.24800 0.00000 1.30131
-0.24400 0.00000 1.30158
-0.24000 0.00000 1.30184
-0.23600 0.00000 1.30209
-0.23200 0.00000 1.30234
-0.22800 0.00000 1.30258
-0.22400 0.00000 1.30281
-0.22000 0.00000 1.30304
-0.21600 0.00000 1.30325
-0.21200 0.00000 1.30345
-0.20800 0.00000 1.30365
-0.20400 0.00000 1.30384
-0.20000 0.00000 1.30403
-0.19600 0.00000 1.30421
-0.19200 0.00000 1.30439
-0.18800 0.00000 1.30456
-0.18400 0.00000 1.30473
-0.18000 0.00000 1.30489
-0.17600 0.00000 1.30504
-0.17200 0.00000 1.30518
-0.16800 0.00000 1.30532
-0.16400 0.00000 1.30545
-0.16000 0.00000 1.30558
-0.15600 0.00000 1.30571
-0.15200 0.00000 1.30584
-0.14800 0.00000 1.30596
-0.14400 0.00000 1.30608
-0.14000 0.00000 1.30619
-0.13600 0.00000 1.30629
-0.13200 0.00000 1.30639
-0.12800 0.00000 1.30648
-0.12400 0.00000 1.30657
-0.12000 0.00000 1.30666
-0.11600 0.00000 1.30674
-0.11200 0.00000 1.30683
-0.10800 0.00000 1.30691
-0.10400 0.00000 1.30699
-0.10000 0.00000 1.30706
-0.09600 0.00000 1.30713
-0.09200 0.00000 1.30719
-0.08800 0.00000 1.30725
-0.08400 0.00000 1.30730
-0.08000 0.00000 1.30736
-0.07600 0.00000 1.30741
-0.07200 0.00000 1.30746
-0.06800 0.00000 1.30751
-0.06400 0.00000 1.30756
-0.06000 0.00000 1.30760
-0.05600 0.00000 1.30764
-0.05200 0.00000 1.30767
-0.04800 0.00000 1.30770
-0.04400 0.00000 1.30772
-0.04000 0.00000 1.30775
-0.03600 0.00000 1.30777
-0.03200 0.00000 1.30780
-0.02800 0.00000 1.30782
-0.02400 0.00000 1.30784
-0.02000 0.00000 1.30786
-0.01600 0.00000 1.30787
-0.01200 0.00000 1.30787
-0.00800 0.00000 1.30787
-0.00400 0.00000 1.30787
0.00000 0.00000 1.30787
0.00400 0.00000 1.30787
0.00800 0.00000 1.30787
0.01200 0.00000 1.30787
0.01600 0.00000 1.30787
0.02000 0.00000 1.30786
0.02400 0.00000 1.30784
0.02800 0.00000 1.30782
0.03200 0.00000 1.30780
0.03600 0.00000 1.30777
0.04000 0.00000 1.30775
0.04400 0.00000 1.30772
0.04800 0.00000 1.30770
0.05200 0.00000 1.30767
0.05600 0.00000 1.30764
0.06000 0.00000 1.30760
0.06400 0.00000 1.30756
0.06800 0.00000 1.30751
0.07200 0.00000 1.30746
0.07600 0.00000 1.30741
0.08000 0.00000 1.30736
0.08400 0.00000 1.30730
0.08800 0.00000 1.30725
0.09200 0.00000 1.30719
0.09600 0.00000 1.30713
0.10000 0.00000 1.30706
0.10400 0.00000 1.30699
0.10800 0.00000 1.30691
0.11200 0.00000 1.30683
0.11600 0.00000 1.30674
0.12000 0.00000 1.30666
0.12400 0.00000 1.30657
0.12800 0.00000 1.30648
0.13200 0.00000 1.30639
0.13600 0.00000 1.30629
0.14000 0.00000 1.30619
0.14400 0.00000 1.30608
0.14800 0.00000 1.30596
0.15200 0.00000 1.30584
0.15600 0.00000 1.30571
0.16000 0.00000 1.30558
0.16400 0.00000 1.30545
0.16800 0.00000 1.30532
0.17200 0.00000 1.30518
0.17600 0.00000 1.30504
0.18000 0.00000 1.30489
0.18400 0.00000 1.30473
0.18800 0.00000 1.30456
0.19200 0.00000 1.30439
0.19600 0.00000 1.30421
0.20000 0.00000 1.30403
0.20400 0.00000 1.30384
0.20800 0.00000 1.30365
0.21200 0.00000 1.30345
0.21600 0.00000 1.30325
0.22000 0.00000 1.30304
0.22400 0.00000 1.30281
0.22800 0.00000 1.30258
0.23200 0.00000 1.30234
0.23600 0.00000 1.30209
0.24000 0.00000 1.30184
0.24400 0.00000 1.30158
0.24800 0.00000 1.30131
0.25200 0.00000 1.30104
0.25600 0.00000 1.30076
0.26000 0.00000 1.30046
0.26400 0.00000 1.30015
0.26800 0.00000 1.29983
0.27200 0.00000 1.29950
0.27600 0.00000 1.29916
0.28000 0.00000 1.29881
0.28400 0.00000 1.29846
0.28800 0.00000 1.29809
0.29200 0.00000 1.29772
0.29600 0.00000 1.29733
0.30000 0.00000 1.29692
0.30400 0.00000 1.29650
0.30800 0.00000 1.29607
0.31200 0.00000 1.29562
0.31600 0.00000 1.29516
0.32000 0.00000 1.29469
0.32400 0.00000 1.29420
0.32800 0.00000 1.29370
0.33200 0.00000 1.29319
0.33600 0.00000 1.29266
0.34000 0.00000 1.29212
0.34400 0.00000 1.29155
0.34800 0.00000 1.29096
0.35200 0.00000 1.29036
0.35600 0.00000 1.28973
0.36000 0.00000 1.28910
0.36400 0.00000 1.28844
0.36800 0.00000 1.28777
0.37200 0.00000 1.28708
0.37600 0.00000 1.28637
0.38000 0.00000 1.28563
0.38400 0.00000 1.28487
0.38800 0.00000 1.28408
0.39200 0.00000 1.28327
0.39600 0.00000 1.28244
0.40000 0.00000 1.28159
0.40400 0.00000 1.28071
0.40800 0.00000 1.27981
0.41200 0.00000 1.27889
0.41600 0.00000 1.27793
0.42000 0.00000 1.27695
0.42400 0.00000 1.27594
0.42800 0.00000 1.27489
0.43200 0.00000 1.27381
0.43600 0.00000 1.27271
0.44000 0.00000 1.27157
0.44400 0.00000 1.27041
0.44800 0.00000 1.26921
0.45200 0.00000 1.26799
0.45600 0.00000 1.26672
0.46000 0.00000 1.26542
0.46400 0.00000 1.26408
0.46800 0.00000 1.26269
0.47200 0.00000 1.26127
0.47600 0.00000 1.25981
0.48000 0.00000 1.25831
0.48400 0.00000 1.25678
0.48800 0.00000 1.25520
0.49200 0.00000 1.25358
0.49600 0.00000 1.25192
0.50000 0.00000 1.25020
0.50400 0.00000 1.24844
0.50800 0.00000 1.24662
0.51200 0.00000 1.24476
0.51600 0.00000 1.24284
0.52000 0.00000 1.24088
0.52400 0.00000 1.23887
0.52800 0.00000 1.23681
0.53200 0.00000 1.23469
0.53600 0.00000 1.23251
0.54000 0.00000 1.23028
0.54400 0.00000 1.22798
0.54800 0.00000 1.22561
0.55200 0.00000 1.22319
0.55600 0.00000 1.22070
0.56000 0.00000 1.21814
0.56400 0.00000 1.21553
0.56800 0.00000 1.21285
0.57200 0.00000 1.21010
0.57600 0.00000 1.20728
0.58000 0.00000 1.20438
0.58400 0.00000 1.20141
0.58800 0.00000 1.19835
0.59200 0.00000 1.19522
0.59600 0.00000 1.19200
0.60000 0.00000 1.18871
0.60400 0.00000 1.18534
0.60800 0.00000 1.18189
0.61200 0.00000 1.17835
0.61600 0.00000 1.17472
0.62000 0.00000 1.17100
0.62400 0.00000 1.16718
0.62800 0.00000 1.16326
0.63200 0.00000 1.15925
0.63600 0.00000 1.15513
0.64000 0.00000 1.15092
0.64400 0.00000 1.14661
0.64800 0.00000 1.14220
0.65200 0.00000 1.13769
0.65600 0.00000 1.13306
0.66000 0.00000 1.12831
0.66400 0.00000 1.12345
0.66800 0.00000 1.11847
0.67200 0.00000 1.11337
0.67600 0.00000 1.10814
0.68000 0.00000 1.10280
0.68400 0.00000 1.09734
0.68800 0.00000 1.09175
0.69200 0.00000 1.08604
0.69600 0.00000 1.08018
0.70000 0.00000 1.07419
0.70400 0.00000 1.06805
0.70800 0.00000 1.06177
0.71200 0.00000 1.05534
0.71600 0.00000 1.04877
0.72000 0.00000 1.04205
0.72400 0.00000 1.03519
0.72800 0.00000 1.02817
0.73200 0.00000 1.02100
0.73600 0.00000 1.01367
0.74000 0.00000 1.00616
0.74400 0.00000 0.99848
0.74800 0.00000 0.99063
0.75200 0.00000 0.98260
0.75600 0.00000 0.97440
0.76000 0.00000 0.96603
0.76400 0.00000 0.95748
0.76800 0.00000 0.94875
0.77200 0.00000 0.93983
0.77600 0.00000 0.93072
0.78000 0.00000 0.92141
0.78400 0.00000 0.91189
0.78800 0.00000 0.90216
0.79200 0.00000 0.89223
0.79600 0.00000 0.88209
0.80000 0.00000 0.87174
0.80400 0.00000 0.86119
0.80800 0.00000 0.85043
0.81200 0.00000 0.83944
0.81600 0.00000 0.82823
0.82000 0.00000 0.81677
0.82400 0.00000 0.80508
0.82800 0.00000 0.79314
0.83200 0.00000 0.78096
0.83600 0.00000 0.76853
0.84000 0.00000 0.75587
0.84400 0.00000 0.74296
0.84800 0.00000 0.72981
0.85200 0.00000 0.71640
0.85600 0.00000 0.70272
0.86000 0.00000 0.68877
0.86400 0.00000 0.67453
0.86800 0.00000 0.66001
0.87200 0.00000 0.64521
0.87600 0.00000 0.63012
0.88000 0.00000 0.61476
0.88400 0.00000 0.59913
0.88800 0.00000 0.58321
0.89200 0.00000 0.56699
0.89600 0.00000 0.55047
0.90000 0.00000 0.53362
0.90400 0.00000 0.51645
0.90800 0.00000 0.49894
0.91200 0.00000 0.48112
0.91600 0.00000 0.46297
0.92000 0.00000 0.44451
0.92400 0.00000 0.42575
0.92800 0.00000 0.40666
0.93200 0.00000 0.38723
0.93600 0.00000 0.36745
0.94000 0.00000 0.34730
0.94400 0.00000 0.32677
0.94800 0.00000 0.30586
0.95200 0.00000 0.28458
0.95600 0.00000 0.26294
0.96000 0.00000 0.24097
0.96400 0.00000 0.21867
0.96800 0.00000 0.19601
0.97200 0.00000 0.17297
0.97600 0.00000 0.14952
0.98000 0.00000 0.12562
0.98400 0.00000 0.10125
0.98800 0.00000 0.07642
0.99200 0.00000 0.05120
0.99600 0.00000 0.02568
1.00000 0.00000 0.00000
e


#z	y	velocity
0.00000 -1.00000 0.00000
0.00000 -0.99600 0.09950
0.00000 -0.99200 0.19135
0.00000 -0.98800 0.27613
0.00000 -0.98400 0.35441
0.00000 -0.98000 0.42666
0.00000 -0.97600 0.49337
0.00000 -0.97200 0.55495
0.00000 -0.96800 0.61180
0.00000 -0.96400 0.66428
0.00000 -0.96000 0.71274
0.00000 -0.95600 0.75747
0.00000 -0.95200 0.79877
0.00000 -0.94800 0.83690
0.00000 -0.94400 0.87210
0.00000 -0.94000 0.90461
0.00000 -0.93600 0.93462
0.00000 -0.93200 0.96233
0.00000 -0.92800 0.98792
0.00000 -0.92400 1.01154
0.00000 -0.92000 1.03336
0.00000 -0.91600 1.05351
0.00000 -0.91200 1.07211
0.00000 -0.90800 1.08930
0.00000 -0.90400 1.10517
0.00000 -0.90000 1.11982
0.00000 -0.89600 1.13336
0.00000 -0.89200 1.14587
0.00000 -0.88800 1.15742
0.00000 -0.88400 1.16809
0.00000 -0.88000 1.17795
0.00000 -0.87600 1.18706
0.00000 -0.87200 1.19548
0.00000 -0.86800 1.20325
0.00000 -0.86400 1.21044
0.00000 -0.86000 1.21709
0.00000 -0.85600 1.22323
0.00000 -0.85200 1.22890
0.00000 -0.84800 1.23415
0.00000 -0.84400 1.23901
0.00000 -0.84000 1.24349
0.00000 -0.83600 1.24765
0.00000 -0.83200 1.25149
0.00000 -0.82800 1.25504
0.00000 -0.82400 1.25833
0.00000 -0.82000 1.26137
0.00000 -0.81600 1.26419
0.00000 -0.81200 1.26680
0.00000 -0.80800 1.26921
0.00000 -0.80400 1.27145
0.00000 -0.80000 1.27353
0.00000 -0.79600 1.27545
0.00000 -0.79200 1.27723
0.00000 -0.78800 1.27889
0.00000 -0.78400 1.28042
0.00000 -0.78000 1.28184
0.00000 -0.77600 1.28317
0.00000 -0.77200 1.28439
0.00000 -0.76800 1.28554
0.00000 -0.76400 1.28660
0.00000 -0.76000 1.28759
0.00000 -0.75600 1.28850
0.00000 -0.75200 1.28936
0.00000 -0.74800 1.29016
0.00000 -0.74400 1.29090
0.00000 -0.74000 1.29159
0.00000 -0.73600 1.29224
0.00000 -0.73200 1.29285
0.00000 -0.72800 1.29341
0.00000 -0.72400 1.29394
0.00000 -0.72000 1.29444
0.00000 -0.71600 1.29490
0.00000 -0.71200 1.29534
0.00000 -0.70800 1.29575
0.00000 -0.70400 1.29614
0.00000 -0.70000 1.29650
0.00000 -0.69600 1.29684
0.00000 -0.69200 1.29716
0.00000 -0.68800 1.29747
0.00000 -0.68400 1.29775
0.00000 -0.68000 1.29803
0.00000 -0.67600 1.29828
0.00000 -0.67200 1.29853
0.00000 -0.66800 1.29876
0.00000 -0.66400 1.29898
0.00000 -0.66000 1.29919
0.00000 -0.65600 1.29939
0.00000 -0.65200 1.29958
0.00000 -0.64800 1.29977
0.00000 -0.64400 1.29994
0.00000 -0.64000 1.30011
0.00000 -0.63600 1.30027
0.00000 -0.63200 1.30043
0.00000 -0.62800 1.30058
0.00000 -0.62400 1.30072
0.00000 -0.62000 1.30086
0.00000 -0.61600 1.30099
0.00000 -0.61200 1.30112
0.00000 -0.60800 1.30125
0.00000 -0.60400 1.30137
0.00000 -0.60000 1.30149
0.00000 -0.59600 1.30160
0.00000 -0.59200 1.30171
0.00000 -0.58800 1.30182
0.00000 -0.58400 1.30193
0.00000 -0.58000 1.30203
0.00000 -0.57600 1.30213
0.00000 -0.57200 1.30223
0.00000 -0.56800 1.30233
0.00000 -0.56400 1.30242
0.00000 -0.56000 1.30251
0.00000 -0.55600 1.30260
0.00000 -0.55200 1.30269
0.00000 -0.54800 1.30278
0.00000 -0.54400 1.30287
0.00000 -0.54000 1.30295
0.00000 -0.53600 1.30303
0.00000 -0.53200 1.30311
0.00000 -0.52800 1.30319
0.00000 -0.52400 1.30327
0.00000 -0.52000 1.30335
0.00000 -0.51600 1.30343
0.00000 -0.51200 1.30350
0.00000 -0.50800 1.30357
0.00000 -0.50400 1.30365
0.00000 -0.50000 1.30372
0.00000 -0.49600 1.30379
0.00000 -0.49200 1.30386
0.00000 -0.48800 1.30393
0.00000 -0.48400 1.30400
0.00000 -0.48000 1.30407
0.00000 -0.47600 1.30413
0.00000 -0.47200 1.30420
0.00000 -0.46800 1.30427
0.00000 -0.46400 1.30433
0.00000 -0.46000 1.30439
0.00000 -0.45600 1.30446
0.00000 -0.45200 1.30452
0.00000 -0.44800 1.30458
0.00000 -0.44400 1.30464
0.00000 -0.44000 1.30470
0.00000 -0.43600 1.30476
0.00000 -0.43200 1.30482
0.00000 -0.42800 1.30488
0.00000 -0.42400 1.30494
0.00000 -0.42000 1.30499
0.00000 -0.41600 1.30505
0.00000 -0.41200 1.30510
0.00000 -0.40800 1.30516
0.00000 -0.40400 1.30521
0.00000 -0.40000 1.30527
0.00000 -0.39600 1.30532
0.00000 -0.39200 1.30537
0.00000 -0.38800 1.30542
0.00000 -0.38400 1.30548
0.00000 -0.38000 1.30553
0.00000 -0.37600 1.30558
0.00000 -0.37200 1.30563
0.00000 -0.36800 1.30568
0.00000 -0.36400 1.30572
0.00000 -0.36000 1.30577
0.00000 -0.35600 1.30582
0.00000 -0.35200 1.30587
0.00000 -0.34800 1.30591
0.00000 -0.34400 1.30596
0.00000 -0.34000 1.30600
0.00000 -0.33600 1.30605
0.00000 -0.33200 1.30609
0.00000 -0.32800 1.30613
0.00000 -0.32400 1.30618
0.00000 -0.32000 1.30622
0.00000 -0.31600 1.30626
0.00000 -0.31200 1.30630
0.00000 -0.30800 1.30634
0.00000 -0.30400 1.30638
0.00000 -0.30000 1.30642
0.00000 -0.29600 1.30646
0.00000 -0.29200 1.30650
0.00000 -0.28800 1.30654
0.00000 -0.28400 1.30657
0.00000 -0.28000 1.30661
0.00000 -0.27600 1.30665
0.00000 -0.27200 1.30668
0.00000 -0.26800 1.30672
0.00000 -0.26400 1.30675
0.00000 -0.26000 1.30679
0.00000 -0.25600 1.30682
0.00000 -0.25200 1.30685
0.00000 -0.24800 1.30688
0.00000 -0.24400 1.30692
0.00000 -0.24000 1.30695
0.00000 -0.23600 1.30698
0.00000 -0.23200 1.30701
0.00000 -0.22800 1.30704
0.00000 -0.22400 1.30707
0.00000 -0.22000 1.30710
0.00000 -0.21600 1.30712
0.00000 -0.21200 1.30715
0.00000 -0.20800 1.30718
0.00000 -0.20400 1.30721
0.00000 -0.20000 1.30723
0.00000 -0.19600 1.30726
0.00000 -0.19200 1.30728
0.00000 -0.18800 1.30731
0.00000 -0.18400 1.30733
0.00000 -0.18000 1.30735
0.00000 -0.17600 1.30738
0.00000 -0.17200 1.30740
0.00000 -0.16800 1.30742
0.00000 -0.16400 1.30744
0.00000 -0.16000 1.30746
0.00000 -0.15600 1.30748
0.00000 -0.15200 1.30750
0.00000 -0.14800 1.30752
0.00000 -0.14400 1.30754
0.00000 -0.14000 1.30756
0.00000 -0.13600 1.30758
0.00000 -0.13200 1.30759
0.00000 -0.12800 1.30761
0.00000 -0.12400 1.30763
0.00000 -0.12000 1.30764
0.00000 -0.11600 1.30766
0.00000 -0.11200 1.30767
0.00000 -0.10800 1.30769
0.00000 -0.10400 1.30770
0.00000 -0.10000 1.30771
0.00000 -0.09600 1.30773
0.00000 -0.09200 1.30774
0.00000 -0.08800 1.30775
0.00000 -0.08400 1.30776
0.00000 -0.08000 1.30777
0.00000 -0.07600 1.30778
0.00000 -0.07200 1.30779
0.00000 -0.06800 1.30780
0.00000 -0.06400 1.30781
0.00000 -0.06000 1.30782
0.00000 -0.05600 1.30782
0.00000 -0.05200 1.30783
0.00000 -0.04800 1.30784
0.00000 -0.04400 1.30784
0.00000 -0.04000 1.30785
0.00000 -0.03600 1.30785
0.00000 -0.03200 1.30786
0.00000 -0.02800 1.30786
0.00000 -0.02400 1.30786
0.00000 -0.02000 1.30787
0.00000 -0.01600 1.30787
0.00000 -0.01200 1.30787
0.00000 -0.00800 1.30787
0.00000 -0.00400 1.30787
0.00000 0.00000 1.30787
0.00000 0.00400 1.30787
0.00000 0.00800 1.30787
0.00000 0.01200 1.30787
0.00000 0.01600 1.30787
0.00000 0.02000 1.30787
0.00000 0.02400 1.30786
0.00000 0.02800 1.30786
0.00000 0.03200 1.30786
0.00000 0.03600 1.30785
0.00000 0.04000 1.30785
0.00000 0.04400 1.30784
0.00000 0.04800 1.30784
0.00000 0.05200 1.30783
0.00000 0.05600 1.30782
0.00000 0.06000 1.30782
0.00000 0.06400 1.30781
0.00000 0.06800 1.30780
0.00000 0.07200 1.30779
0.00000 0.07600 1.30778
0.00000 0.08000 1.30777
0.00000 0.08400 1.30776
0.00000 0.08800 1.30775
0.00000 0.09200 1.30774
0.00000 0.09600 1.30773
0.00000 0.10000 1.30771
0.00000 0.10400 1.30770
0.00000 0.10800 1.30769
0.00000 0.11200 1.30767
0.00000 0.11600 1.30766
0.00000 0.12000 1.30764
0.00000 0.12400 1.30763
0.00000 0.12800 1.30761
0.00000 0.13200 1.30759
0.00000 0.13600 1.30758
0.00000 0.14000 1.30756
0.00000 0.14400 1.30754
0.00000 0.14800 1.30752
0.00000 0.15200 1.30750
0.00000 0.15600 1.30748
0.00000 0.16000 1.30746
0.00000 0.16400 1.30744
0.00000 0.16800 1.30742
0.00000 0.17200 1.30740
0.00000 0.17600 1.30738
0.00000 0.18000 1.30735
0.00000 0.18400 1.30733
0.00000 0.18800 1.30731
0.00000 0.19200 1.30728
0.00000 0.19600 1.30726
0.00000 0.20000 1.30723
0.00000 0.20400 1.30721
0.00000 0.20800 1.30718
0.00000 0.21200 1.30715
0.00000 0.21600 1.30712
0.00000 0.22000 1.30710
0.00000 0.22400 1.30707
0.00000 0.22800 1.30704
0.00000 0.23200 1.30701
0.00000 0.23600 1.30698
0.00000 0.24000 1.30695
0.00000 0.24400 1.30692
0.00000 0.24800 1.30688
0.00000 0.25200 1.30685
0.00000 0.25600 1.30682
0.00000 0.26000 1.30679
0.00000 0.26400 1.30675
0.00000 0.26800 1.30672
0.00000 0.27200 1.30668
0.00000 0.27600 1.30665
0.00000 0.28000 1.30661
0.00000 0.28400 1.30657
0.00000 0.28800 1.30654
0.00000 0.29200 1.30650
0.00000 0.29600 1.30646
0.00000 0.30000 1.30642
0.00000 0.30400 1.30638
0.00000 0.30800 1.30634
0.00000 0.31200 1.30630
0.00000 0.31600 1.30626
0.00000 0.32000 1.30622
0.00000 0.32400 1.30618
0.00000 0.32800 1.30613
0.00000 0.33200 1.30609
0.00000 0.33600 1.30605
0.00000 0.34000 1.30600
0.00000 0.34400 1.30596
0.00000 0.34800 1.30591
0.00000 0.35200 1.30587
0.00000 0.35600 1.30582
0.00000 0.36000 1.30577
0.00000 0.36400 1.30572
0.00000 0.36800 1.30568
0.00000 0.37200 1.30563
0.00000 0.37600 1.30558
0.00000 0.38000 1.30553
0.00000 0.38400 1.30548
0.00000 0.38800 1.30542
0.00000 0.39200 1.30537
0.00000 0.39600 1.30532
0.00000 0.40000 1.30527
0.00000 0.40400 1.30521
0.00000 0.40800 1.30516
0.00000 0.41200 1.30510
0.00000 0.41600 1.30505
0.00000 0.42000 1.30499
0.00000 0.42400 1.30494
0.00000 0.42800 1.30488
0.00000 0.43200 1.30482
0.00000 0.43600 1.30476
0.00000 0.44000 1.30470
0.00000 0.44400 1.30464
0.00000 0.44800 1.30458
0.00000 0.45200 1.30452
0.00000 0.45600 1.30446
0.00000 0.46000 1.30439
0.00000 0.46400 1.30433
0.00000 0.46800 1.30427
0.00000 0.47200 1.30420
0.00000 0.47600 1.30413
0.00000 0.48000 1.30407
0.00000 0.48400 1.30400
0.00000 0.48800 1.30393
0.00000 0.49200 1.30386
0.00000 0.49600 1.30379
0.00000 0.50000 1.30372
0.00000 0.50400 1.30365
0.00000 0.50800 1.30357
0.00000 0.51200 1.30350
0.00000 0.51600 1.30343
0.00000 0.52000 1.30335
0.00000 0.52400 1.30327
0.00000 0.52800 1.30319
0.00000 0.53200 1.30311
0.00000 0.53600 1.30303
0.00000 0.54000 1.30295
0.00000 0.54400 1.30287
0.00000 0.54800 1.30278
0.00000 0.55200 1.30269
0.00000 0.55600 1.30260
0.00000 0.56000 1.30251
0.00000 0.56400 1.30242
0.00000 0.56800 1.30233
0.00000 0.57200 1.30223
0.00000 0.57600 1.30213
0.00000 0.58000 1.30203
0.00000 0.58400 1.30193
0.00000 0.58800 1.30182
0.00000 0.59200 1.30171
0.00000 0.59600 1.30160
0.00000 0.60000 1.30149
0.00000 0.60400 1.30137
0.00000 0.60800 1.30125
0.00000 0.61200 1.30112
0.00000 0.61600 1.30099
0.00000 0.62000 1.30086
0.00000 0.62400 1.30072
0.00000 0.62800 1.30058
0.00000 0.63200 1.30043
0.00000 0.63600 1.30027
0.00000 0.64000 1.30011
0.00000 0.64400 1.29994
0.00000 0.64800 1.29977
0.00000 0.65200 1.29958
0.00000 0.65600 1.29939
0.00000 0.66000 1.29919
0.00000 0.66400 1.29898
0.00000 0.66800 1.29876
0.00000 0.67200 1.29853
0.00000 0.67600 1.29828
0.00000 0.68000 1.29803
0.00000 0.68400 1.29775
0.00000 0.68800 1.29747
0.00000 0.69200 1.29716
0.00000 0.69600 1.29684
0.00000 0.70000 1.29650
0.00000 0.70400 1.29614
0.00000 0.70800 1.29575
0.00000 0.71200 1.29534
0.00000 0.71600 1.29490
0.00000 0.72000 1.29444
0.00000 0.72400 1.29394
0.00000 0.72800 1.29341
0.00000 0.73200 1.29285
0.00000 0.73600 1.29224
0.00000 0.74000 1.29159
0.00000 0.74400 1.29090
0.00000 0.74800 1.29016
0.00000 0.75200 1.28936
0.00000 0.75600 1.28850
0.00000 0.76000 1.28759
0.00000 0.76400 1.28660
0.00000 0.76800 1.28554
0.00000 0.77200 1.28439
0.00000 0.77600 1.28317
0.00000 0.78000 1.28184
0.00000 0.78400 1.28042
0.00000 0.78800 1.27889
0.00000 0.79200 1.27723
0.00000 0.79600 1.27545
0.00000 0.80000 1.27353
0.00000 0.80400 1.27145
0.00000 0.80800 1.26921
0.00000 0.81200 1.26680
0.00000 0.81600 1.26419
0.00000 0.82000 1.26137
0.00000 0.82400 1.25833
0.00000 0.82800 1.25504
0.00000 0.83200 1.25149
0.00000 0.83600 1.24765
0.00000 0.84000 1.24349
0.00000 0.84400 1.23901
0.00000 0.84800 1.23415
0.00000 0.85200 1.22890
0.00000 0.85600 1.22323
0.00000 0.86000 1.21709
0.00000 0.86400 1.21044
0.00000 0.86800 1.20325
0.00000 0.87200 1.19548
0.00000 0.87600 1.18706
0.00000 0.88000 1.17795
0.00000 0.88400 1.16809
0.00000 0.88800 1.15742
0.00000 0.89200 1.14587
0.00000 0.89600 1.13336
0.00000 0.90000 1.11982
0.00000 0.90400 1.10517
0.00000 0.90800 1.08930
0.00000 0.91200 1.07211
0.00000 0.91600 1.05351
0.00000 0.92000 1.03336
0.00000 0.92400 1.01154
0.00000 0.92800 0.98792
0.00000 0.93200 0.96233
0.00000 0.93600 0.93462
0.00000 0.94000 0.90461
0.00000 0.94400 0.87210
0.00000 0.94800 0.83690
0.00000 0.95200 0.79877
0.00000 0.95600 0.75747
0.00000 0.96000 0.71274
0.00000 0.96400 0.66428
0.00000 0.96800 0.61180
0.00000 0.97200 0.55495
0.00000 0.97600 0.49337
0.00000 0.98000 0.42666
0.00000 0.98400 0.35441
0.00000 0.98800 0.27613
0.00000 0.99200 0.19135
0.00000 0.99600 0.09950
0.00000 1.00000 0.00000
